6.116793155670166016e-01 1.009229063987731934e+00 1.390683293342590332e+00 3.807944953441619873e-01 6.776523590087890625e-01 1.172607779502868652e+00 -9.264755249023437500e-01 0.000000000000000000e+00
2.395538568496704102e+00 1.378045320510864258e+00 6.605278849601745605e-01 3.114795088768005371e-01 2.930382490158081055e-01 4.181890189647674561e-01 3.841216117143630981e-02 0.000000000000000000e+00
6.265243887901306152e-01 4.972947239875793457e-01 4.784139394760131836e-01 2.052195072174072266e+00 1.244700670242309570e+00 5.933472514152526855e-01 2.236874401569366455e-01 0.000000000000000000e+00
7.505216598510742188e-01 1.382076978683471680e+00 1.597356915473937988e+00 6.713294982910156250e-01 1.110824823379516602e+00 1.042861461639404297e+00 3.255513608455657959e-01 0.000000000000000000e+00
5.493839979171752930e-01 4.766634702682495117e-01 3.908785581588745117e-01 6.971322894096374512e-01 1.422497510910034180e+00 1.642493963241577148e+00 -9.682682901620864868e-02 0.000000000000000000e+00
4.992278218269348145e-01 5.005201101303100586e-01 6.544500589370727539e-01 2.672341465950012207e-01 2.039254903793334961e-01 1.690105199813842773e-01 1.889097094535827637e+00 0.000000000000000000e+00
1.551408767700195312e+00 1.867583036422729492e+00 1.574603557586669922e+00 2.851840257644653320e-01 1.953941583633422852e-01 2.145735621452331543e-01 5.634042620658874512e-01 0.000000000000000000e+00
-5.552549362182617188e-01 -5.860807299613952637e-01 -1.272249817848205566e-01 1.218904376029968262e+00 1.120772123336791992e+00 8.977531194686889648e-01 1.525568664073944092e-01 0.000000000000000000e+00
2.716085314750671387e-01 3.036202192306518555e-01 5.072309374809265137e-01 2.609124183654785156e-01 4.354234337806701660e-01 1.024951815605163574e+00 -1.875359296798706055e+00 0.000000000000000000e+00
1.736529111862182617e+00 1.321507453918457031e+00 7.665226459503173828e-01 1.342316865921020508e+00 9.557823538780212402e-01 6.197329759597778320e-01 2.314711362123489380e-02 0.000000000000000000e+00
1.594347000122070312e+00 1.144352674484252930e+00 6.801108121871948242e-01 1.437338232994079590e+00 1.090576291084289551e+00 6.508685350418090820e-01 9.875549376010894775e-02 0.000000000000000000e+00
1.748349308967590332e+00 1.968381047248840332e+00 1.489245533943176270e+00 3.864228427410125732e-01 4.012988209724426270e-01 5.174661278724670410e-01 -1.327162832021713257e-01 0.000000000000000000e+00
8.505498170852661133e-01 1.366322398185729980e+00 1.595281362533569336e+00 5.003175735473632812e-01 6.972459554672241211e-01 1.025333762168884277e+00 -8.077058792114257812e-01 0.000000000000000000e+00
-5.803537368774414062e-01 -5.806661844253540039e-01 -5.616575479507446289e-02 8.690690398216247559e-01 1.043186783790588379e+00 1.120115995407104492e+00 -3.697350621223449707e-04 0.000000000000000000e+00
4.483243823051452637e-01 3.982680439949035645e-01 4.700724780559539795e-01 1.941626667976379395e+00 1.326180219650268555e+00 6.565236449241638184e-01 1.703859567642211914e-01 0.000000000000000000e+00
4.219355583190917969e-01 3.439811468124389648e-01 5.223710536956787109e-01 4.931011497974395752e-01 5.014706850051879883e-01 4.548631012439727783e-01 1.789011240005493164e+00 0.000000000000000000e+00
2.224161148071289062e+00 1.283482074737548828e+00 5.257124900817871094e-01 4.780056774616241455e-01 5.325288772583007812e-01 5.854437351226806641e-01 7.799220830202102661e-02 0.000000000000000000e+00
3.653956651687622070e-01 3.337891101837158203e-01 4.553916156291961670e-01 4.784594774246215820e-01 8.148658871650695801e-01 1.528848886489868164e+00 -1.632840156555175781e+00 0.000000000000000000e+00
6.997590065002441406e-01 7.261991500854492188e-01 6.718887686729431152e-01 8.192021846771240234e-01 1.501083135604858398e+00 1.621972799301147461e+00 -9.835822880268096924e-02 0.000000000000000000e+00
9.168921709060668945e-01 1.287225842475891113e+00 1.494830608367919922e+00 4.154033362865447998e-01 4.110917747020721436e-01 4.322043955326080322e-01 9.524282217025756836e-01 0.000000000000000000e+00
1.883996486663818359e+00 1.316863536834716797e+00 5.531480312347412109e-01 1.140701651573181152e+00 1.496753454208374023e+00 9.367366433143615723e-01 1.881128735840320587e-02 0.000000000000000000e+00
1.032380580902099609e+00 6.891624331474304199e-01 5.805154442787170410e-01 -2.639514207839965820e-02 9.816157817840576172e-02 3.767738640308380127e-01 -2.443009614944458008e-01 0.000000000000000000e+00
3.329823613166809082e-01 2.564418315887451172e-01 2.116776704788208008e-01 2.202374458312988281e+00 2.238634109497070312e+00 6.759758591651916504e-01 5.975372344255447388e-02 0.000000000000000000e+00
3.481369018554687500e-01 4.355008602142333984e-01 6.164737343788146973e-01 1.850659251213073730e-01 2.157223224639892578e-01 1.126824021339416504e-01 2.189758062362670898e+00 0.000000000000000000e+00
2.256711006164550781e+00 1.977709054946899414e+00 6.350831985473632812e-01 3.359649479389190674e-01 3.413882851600646973e-01 3.037007153034210205e-01 2.560944855213165283e-02 0.000000000000000000e+00
2.912271618843078613e-01 2.688012123107910156e-01 2.949513792991638184e-01 9.839613437652587891e-01 1.787982106208801270e+00 1.976268291473388672e+00 8.535949885845184326e-02 0.000000000000000000e+00
9.851485490798950195e-01 5.972113609313964844e-01 4.771109223365783691e-01 1.673064470291137695e+00 6.060882210731506348e-01 3.200757801532745361e-01 -1.087442412972450256e-02 0.000000000000000000e+00
2.827309966087341309e-01 3.642728328704833984e-01 4.693345725536346436e-01 3.797435164451599121e-01 8.738417625427246094e-01 1.799592256546020508e+00 -1.538222908973693848e+00 0.000000000000000000e+00
-6.430314779281616211e-01 -2.707754373550415039e-01 2.454472482204437256e-01 7.109407186508178711e-01 5.673730969429016113e-01 5.548050403594970703e-01 -8.518648892641067505e-02 0.000000000000000000e+00
1.171475052833557129e+00 1.855229020118713379e+00 2.117350816726684570e+00 2.988089323043823242e-01 3.049368262290954590e-01 4.603531658649444580e-01 -9.503052383661270142e-02 0.000000000000000000e+00
9.976792335510253906e-01 8.599681258201599121e-01 6.388832926750183105e-01 -2.571929693222045898e-01 3.273778855800628662e-01 4.646784365177154541e-01 2.332395501434803009e-02 0.000000000000000000e+00
4.351581335067749023e-01 1.936419606208801270e-01 1.218030750751495361e-01 3.163526773452758789e+00 5.414615273475646973e-01 1.346689164638519287e-01 -3.389204852283000946e-03 0.000000000000000000e+00
2.468206405639648438e+00 1.676383018493652344e+00 6.137498617172241211e-01 3.497449159622192383e-01 4.973151087760925293e-01 3.530071675777435303e-01 7.680592127144336700e-03 0.000000000000000000e+00
5.413460135459899902e-01 3.920706510543823242e-01 2.922692894935607910e-01 1.825051069259643555e+00 6.336609721183776855e-01 3.128699064254760742e-01 1.542734727263450623e-02 0.000000000000000000e+00
2.894322395324707031e+00 5.272805094718933105e-01 1.607375144958496094e-01 4.687274098396301270e-01 2.948368191719055176e-01 1.797541081905364990e-01 6.291463505476713181e-03 0.000000000000000000e+00
1.562371134757995605e+00 6.474424600601196289e-01 3.389250040054321289e-01 9.455744028091430664e-01 5.237492918968200684e-01 3.166929781436920166e-01 2.453668229281902313e-02 0.000000000000000000e+00
3.762354254722595215e-01 3.566344380378723145e-01 2.907055914402008057e-01 2.443341493606567383e+00 1.940378427505493164e+00 4.093358516693115234e-01 2.164622768759727478e-02 0.000000000000000000e+00
1.922627329826354980e+00 4.905351698398590088e-01 1.855915337800979614e-01 2.129769563674926758e+00 6.591558456420898438e-01 1.941911280155181885e-01 6.482371594756841660e-03 0.000000000000000000e+00
-4.058398008346557617e-01 2.161363363265991211e-01 4.150999784469604492e-01 7.030128240585327148e-01 8.822484612464904785e-01 6.505236625671386719e-01 -1.149018667638301849e-02 0.000000000000000000e+00
1.167747616767883301e+00 9.993153810501098633e-01 6.036692857742309570e-01 1.194772839546203613e+00 1.555766344070434570e+00 7.906262874603271484e-01 -7.256751507520675659e-02 0.000000000000000000e+00
3.369902372360229492e-01 3.174310326576232910e-01 5.223495960235595703e-01 3.743312656879425049e-01 4.726834893226623535e-01 9.456583857536315918e-01 -2.071025848388671875e+00 0.000000000000000000e+00
1.426762342453002930e+00 1.786131143569946289e+00 1.780637502670288086e+00 4.124486744403839111e-01 4.085969626903533936e-01 4.925439357757568359e-01 9.718686342239379883e-02 0.000000000000000000e+00
1.004931688308715820e+00 1.148787856101989746e+00 1.304772734642028809e+00 5.093976259231567383e-01 4.348463714122772217e-01 3.584957718849182129e-01 1.347954750061035156e+00 0.000000000000000000e+00
8.152529001235961914e-01 1.194218158721923828e+00 1.486828327178955078e+00 6.099739074707031250e-01 7.779031991958618164e-01 1.014733076095581055e+00 -9.123919606208801270e-01 0.000000000000000000e+00
8.074211478233337402e-01 5.360943675041198730e-01 3.804939389228820801e-01 9.718732833862304688e-01 1.363122463226318359e+00 1.388661384582519531e+00 -4.857997894287109375e-01 0.000000000000000000e+00
1.646023392677307129e+00 1.112331032752990723e+00 7.302080392837524414e-01 1.399485468864440918e+00 9.490729570388793945e-01 5.932043194770812988e-01 1.849854588508605957e-01 0.000000000000000000e+00
-5.087686777114868164e-01 -4.846002459526062012e-01 -9.796452522277832031e-02 1.012131452560424805e+00 1.009376645088195801e+00 1.012232542037963867e+00 -1.012233123183250427e-01 0.000000000000000000e+00
4.052845239639282227e-01 1.764628291130065918e-01 3.167743086814880371e-01 7.034163475036621094e-01 5.444558262825012207e-01 3.558468520641326904e-01 1.904752135276794434e+00 0.000000000000000000e+00
2.194064140319824219e+00 1.260376572608947754e+00 6.340430974960327148e-01 3.239447474479675293e-01 3.624540269374847412e-01 5.011857151985168457e-01 -4.281178116798400879e-02 0.000000000000000000e+00
4.703027009963989258e-01 4.721502661705017090e-01 6.174277663230895996e-01 1.946409583091735840e+00 1.163098573684692383e+00 6.119765043258666992e-01 2.981306016445159912e-01 0.000000000000000000e+00
3.642047047615051270e-01 2.400141656398773193e-01 2.002656459808349609e-01 2.525676727294921875e+00 5.902568101882934570e-01 2.214808017015457153e-01 3.623440163210034370e-03 0.000000000000000000e+00
1.099668264389038086e+00 5.020638704299926758e-01 3.198677003383636475e-01 1.392989039421081543e+00 4.779641926288604736e-01 3.119384348392486572e-01 -7.518918719142675400e-04 0.000000000000000000e+00
4.479459524154663086e-01 3.859836161136627197e-01 2.607761919498443604e-01 1.888469934463500977e+00 1.967610836029052734e+00 5.578092932701110840e-01 -1.044725719839334488e-02 0.000000000000000000e+00
9.643762111663818359e-01 1.170208215713500977e+00 8.502849936485290527e-01 -3.657579421997070312e-03 4.176300466060638428e-01 4.577003121376037598e-01 2.082585245370864868e-01 0.000000000000000000e+00
2.248202800750732422e+00 1.715090036392211914e+00 5.574564933776855469e-01 4.990924596786499023e-01 7.082052230834960938e-01 4.035643935203552246e-01 -2.737426897510886192e-03 0.000000000000000000e+00
1.471227169036865234e+00 1.083513259887695312e+00 4.457163214683532715e-01 1.170836925506591797e+00 1.590521574020385742e+00 6.684781312942504883e-01 -6.410507112741470337e-02 0.000000000000000000e+00
-4.201198816299438477e-01 4.762530326843261719e-02 3.184572458267211914e-01 8.293136954307556152e-01 9.822766780853271484e-01 7.111339569091796875e-01 -6.971091032028198242e-02 0.000000000000000000e+00
2.363140344619750977e+00 6.596716046333312988e-01 2.362641245126724243e-01 1.230520009994506836e-01 3.235070109367370605e-01 2.466037720441818237e-01 2.042043022811412811e-03 0.000000000000000000e+00
1.461528658866882324e+00 4.675926268100738525e-01 2.061499655246734619e-01 2.338067531585693359e+00 6.870224475860595703e-01 2.048670053482055664e-01 2.595427911728620529e-03 0.000000000000000000e+00
2.258024215698242188e+00 6.390150785446166992e-01 2.269771099090576172e-01 1.395330905914306641e+00 5.931048393249511719e-01 2.253711968660354614e-01 2.514953725039958954e-03 0.000000000000000000e+00
4.956776499748229980e-01 6.642240285873413086e-01 7.079353928565979004e-01 6.668916940689086914e-01 1.279104351997375488e+00 1.570964217185974121e+00 1.255273446440696716e-02 0.000000000000000000e+00
1.514921426773071289e+00 1.368753671646118164e+00 7.979458570480346680e-01 1.123299837112426758e+00 9.883630275726318359e-01 6.404210329055786133e-01 1.265217363834381104e-01 0.000000000000000000e+00
3.813876509666442871e-01 3.822522759437561035e-01 6.103617548942565918e-01 3.998746275901794434e-01 3.027352392673492432e-01 2.023038864135742188e-01 1.719995617866516113e+00 0.000000000000000000e+00
6.398097872734069824e-01 3.993875682353973389e-01 3.053772151470184326e-01 1.630327701568603516e+00 1.012544155120849609e+00 4.890756011009216309e-01 1.099667474627494812e-01 0.000000000000000000e+00
9.651382565498352051e-01 1.529219627380371094e+00 1.824521899223327637e+00 3.000577986240386963e-01 3.649328947067260742e-01 4.105195105075836182e-01 5.579540133476257324e-01 0.000000000000000000e+00
2.897378206253051758e-01 3.342598378658294678e-01 5.193604230880737305e-01 3.570698797702789307e-01 5.635563731193542480e-01 1.165302276611328125e+00 -1.653490662574768066e+00 0.000000000000000000e+00
8.668129444122314453e-01 4.243403971195220947e-01 2.617573738098144531e-01 4.202842712402343750e-01 3.043837249279022217e-01 3.225429654121398926e-01 6.876008212566375732e-02 0.000000000000000000e+00
2.257661819458007812e+00 1.450382590293884277e+00 7.184818387031555176e-01 4.331238269805908203e-01 1.747887432575225830e-01 2.276085913181304932e-01 9.744182229042053223e-02 0.000000000000000000e+00
-4.341648817062377930e-01 -4.902039170265197754e-01 -1.798707842826843262e-01 8.823182582855224609e-01 8.631803989410400391e-01 7.844777107238769531e-01 -6.200543604791164398e-03 0.000000000000000000e+00
8.765598535537719727e-01 1.265598535537719727e+00 1.420104980468750000e+00 4.391651153564453125e-01 6.466888189315795898e-01 9.514723420143127441e-01 -7.827828526496887207e-01 0.000000000000000000e+00
1.324397325515747070e+00 6.414638757705688477e-01 3.702476024627685547e-01 1.974894404411315918e+00 8.881133198738098145e-01 4.031234085559844971e-01 1.002102065831422806e-02 0.000000000000000000e+00
1.755101323127746582e+00 1.718666195869445801e+00 1.054275751113891602e+00 5.399360656738281250e-01 5.622299313545227051e-01 5.209578871726989746e-01 -2.483679726719856262e-02 0.000000000000000000e+00
1.468778371810913086e+00 1.108305931091308594e+00 6.515639424324035645e-01 1.000882863998413086e+00 1.309325218200683594e+00 8.836444616317749023e-01 -1.692156791687011719e-01 0.000000000000000000e+00
2.078768014907836914e+00 8.988904953002929688e-01 4.114213287830352783e-01 1.249668240547180176e+00 6.317522525787353516e-01 3.501879572868347168e-01 5.059657618403434753e-02 0.000000000000000000e+00
2.381039261817932129e-01 2.633007764816284180e-01 3.160364031791687012e-01 2.247691631317138672e+00 9.494858384132385254e-01 4.140786528587341309e-01 4.321034997701644897e-02 0.000000000000000000e+00
6.341918706893920898e-01 1.052392244338989258e+00 9.674922227859497070e-01 1.164490699768066406e+00 7.270017862319946289e-01 4.278167486190795898e-01 3.312804400920867920e-01 0.000000000000000000e+00
2.248223304748535156e+00 9.891754984855651855e-01 4.521647393703460693e-01 1.231330633163452148e-01 2.898693680763244629e-01 3.545426130294799805e-01 6.017534062266349792e-02 0.000000000000000000e+00
-8.567539453506469727e-01 -2.741374373435974121e-01 2.752209305763244629e-01 1.057659626007080078e+00 9.545611739158630371e-01 7.301499843597412109e-01 2.666495367884635925e-02 0.000000000000000000e+00
6.810859441757202148e-01 7.578969001770019531e-01 7.673833370208740234e-01 -4.893478155136108398e-01 2.226347327232360840e-01 6.475861072540283203e-01 -1.116845477372407913e-02 0.000000000000000000e+00
4.856877326965332031e-01 3.661593496799468994e-01 4.025470614433288574e-01 1.236078500747680664e+00 1.586405873298645020e+00 1.054393410682678223e+00 -1.693796664476394653e-01 0.000000000000000000e+00
-5.288004875183105469e-01 -5.609712004661560059e-01 -1.225049495697021484e-01 8.730694055557250977e-01 1.026026964187622070e+00 1.070551037788391113e+00 -2.321728467941284180e-01 0.000000000000000000e+00
1.011072397232055664e+00 8.313159346580505371e-01 5.905550122261047363e-01 1.065215587615966797e+00 1.448177099227905273e+00 1.207054376602172852e+00 -1.960672736167907715e-01 0.000000000000000000e+00
1.405691742897033691e+00 7.291424274444580078e-01 4.389022886753082275e-01 1.752588033676147461e+00 8.973848819732666016e-01 4.722049236297607422e-01 2.051606774330139160e-01 0.000000000000000000e+00
1.446922540664672852e+00 1.758618593215942383e+00 1.461225152015686035e+00 4.888074398040771484e-01 5.765799283981323242e-01 7.866115570068359375e-01 -4.771661758422851562e-01 0.000000000000000000e+00
1.293899416923522949e-01 2.619982361793518066e-01 4.320623874664306641e-01 1.972723245620727539e+00 1.202170372009277344e+00 6.756657958030700684e-01 9.592786431312561035e-02 0.000000000000000000e+00
7.130759358406066895e-01 1.214860200881958008e+00 1.453741550445556641e+00 7.835984230041503906e-01 5.647144913673400879e-01 5.497928857803344727e-01 4.466680884361267090e-01 0.000000000000000000e+00
2.093814373016357422e+00 1.302971005439758301e+00 6.274623274803161621e-01 1.010841846466064453e+00 8.617901802062988281e-01 6.271736621856689453e-01 -4.333636909723281860e-02 0.000000000000000000e+00
4.429456591606140137e-01 7.062091827392578125e-01 9.177047014236450195e-01 4.785258769989013672e-01 7.619643211364746094e-01 1.326477408409118652e+00 -1.393224358558654785e+00 0.000000000000000000e+00
5.775641202926635742e-01 4.467808306217193604e-01 5.484821796417236328e-01 6.899605989456176758e-01 5.896219015121459961e-01 4.833776950836181641e-01 1.513891577720642090e+00 0.000000000000000000e+00
1.843927621841430664e+00 1.141197681427001953e+00 6.798306107521057129e-01 1.297627091407775879e-01 2.732669115066528320e-01 4.258071482181549072e-01 3.951144516468048096e-01 0.000000000000000000e+00
1.382652163505554199e+00 4.092404246330261230e-01 1.943086087703704834e-01 1.280365109443664551e+00 1.089117765426635742e+00 5.229768157005310059e-01 -3.968578577041625977e-02 0.000000000000000000e+00
1.575154662132263184e+00 6.320819258689880371e-01 2.659508883953094482e-01 2.069840431213378906e+00 5.788901448249816895e-01 2.233364731073379517e-01 2.846444211900234222e-02 0.000000000000000000e+00
2.554686069488525391e-01 4.338468313217163086e-01 4.003446996212005615e-01 9.505023956298828125e-01 1.162264823913574219e+00 7.449814677238464355e-01 -1.151776611804962158e-01 0.000000000000000000e+00
2.179418087005615234e+00 8.759064674377441406e-01 3.369795382022857666e-01 1.234778642654418945e+00 4.724935889244079590e-01 2.468047738075256348e-01 1.865494810044765472e-02 0.000000000000000000e+00
9.917690157890319824e-01 1.029530286788940430e+00 5.921845436096191406e-01 1.487355351448059082e+00 8.619881868362426758e-01 4.313024580478668213e-01 5.642954260110855103e-03 0.000000000000000000e+00
2.282779455184936523e+00 7.862805724143981934e-01 3.289534747600555420e-01 -3.249228000640869141e-02 1.750675439834594727e-01 2.662973403930664062e-01 6.527358666062355042e-03 0.000000000000000000e+00
-7.515057325363159180e-01 -2.127146720886230469e-02 2.277749925851821899e-01 1.750294446945190430e+00 6.394851803779602051e-01 3.780451416969299316e-01 3.419974818825721741e-03 0.000000000000000000e+00
7.016098499298095703e-01 5.116508603096008301e-01 3.835544884204864502e-01 -1.299818992614746094e+00 1.372849941253662109e-02 3.639232814311981201e-01 6.662439554929733276e-04 0.000000000000000000e+00
4.983716607093811035e-01 2.855287194252014160e-01 2.303557097911834717e-01 2.187788963317871094e+00 8.732175827026367188e-01 3.634905517101287842e-01 1.078245230019092560e-03 0.000000000000000000e+00
1.370186090469360352e+00 1.011902451515197754e+00 5.951833724975585938e-01 4.792600870132446289e-01 7.676794528961181641e-01 5.544579029083251953e-01 -6.792051345109939575e-02 0.000000000000000000e+00
