-1.115857362747192383e+00 -1.171630024909973145e+00 -2.467471361160278320e-01 -1.269848942756652832e+00 -1.967924088239669800e-01 -1.117537170648574829e-01 -1.069641947746276855e+00 -2.312400490045547485e-01 -9.153608977794647217e-02 -7.236686348915100098e-01 -3.129999041557312012e-01 -7.605469971895217896e-02 -5.591003969311714172e-02
8.266119956970214844e-01 7.225471735000610352e-01 1.789075136184692383e-01 9.227204322814941406e-01 1.919243186712265015e-01 7.489830255508422852e-02 1.180444240570068359e+00 1.039766818284988403e-01 8.430966734886169434e-02 1.110728383064270020e+00 3.246952593326568604e-02 8.741001784801483154e-02 4.423050209879875183e-02
-1.055616617202758789e+00 -6.592773646116256714e-02 -3.719950020313262939e-01 7.548379898071289062e-01 -3.023847937583923340e-01 -1.680863946676254272e-01 1.035176634788513184e+00 -2.052434533834457397e-01 -1.513546854257583618e-01 8.938128948211669922e-01 -4.839374870061874390e-02 -1.313917338848114014e-01 -9.168592095375061035e-02
8.413811922073364258e-01 1.128352046012878418e+00 8.150175213813781738e-02 7.991008460521697998e-02 2.834283709526062012e-01 2.971882373094558716e-02 -7.736129760742187500e-01 5.775232315063476562e-01 3.560960665345191956e-02 -9.527688622474670410e-01 5.048404932022094727e-01 1.719108670949935913e-01 3.931384067982435226e-03
5.616096854209899902e-01 -2.843964695930480957e-01 2.024499326944351196e-01 -1.121470689773559570e+00 2.611913979053497314e-01 8.169425278902053833e-02 -1.258165478706359863e+00 1.327758133411407471e-01 1.163920611143112183e-01 -9.818068146705627441e-01 -8.591703325510025024e-02 1.254221200942993164e-01 5.909456685185432434e-02
-1.302333712577819824e+00 4.789210557937622070e-01 -6.378996372222900391e-01 2.444670498371124268e-01 -2.022248357534408569e-01 -3.069312572479248047e-01 -2.679705619812011719e-01 2.653102874755859375e-01 -2.209491431713104248e-01 -3.900727629661560059e-01 3.448078036308288574e-01 -2.286843955516815186e-02 -1.525611728429794312e-01
-1.693173050880432129e+00 -1.244856834411621094e+00 -4.078241884708404541e-01 -4.166348576545715332e-01 -4.581424295902252197e-01 -1.784979403018951416e-01 1.396036148071289062e-01 -4.895232319831848145e-01 -1.785486638545989990e-01 3.627607524394989014e-01 -3.839708566665649414e-01 -2.197886705398559570e-01 -9.785263240337371826e-02
3.375321328639984131e-01 -1.243286252021789551e+00 4.343377351760864258e-01 -5.568052530288696289e-01 -1.066597402095794678e-01 2.221554815769195557e-01 1.960099935531616211e-01 -5.424193739891052246e-01 1.073313057422637939e-01 4.544889032840728760e-01 -5.287213325500488281e-01 -1.301213353872299194e-01 1.023630797863006592e-01
1.574308514595031738e+00 1.435658633708953857e-01 5.775752067565917969e-01 -2.414216399192810059e-01 4.254497289657592773e-01 2.643277943134307861e-01 -7.896967232227325439e-02 5.353411287069320679e-02 2.556895613670349121e-01 6.900519132614135742e-03 -1.365367323160171509e-01 1.642707139253616333e-01 1.529329121112823486e-01
9.325405955314636230e-01 1.244354486465454102e+00 1.849036365747451782e-01 1.166198134422302246e+00 1.089015156030654907e-01 8.614667505025863647e-02 4.741736948490142822e-01 3.008759915828704834e-01 4.943606629967689514e-02 -5.770454555749893188e-02 5.362865924835205078e-01 3.071311116218566895e-02 3.871335089206695557e-02
-1.667919754981994629e-01 -1.282580494880676270e+00 1.256836801767349243e-01 -1.115735650062561035e+00 3.376154974102973938e-02 5.513629317283630371e-02 -2.346637845039367676e-01 -3.834625482559204102e-01 7.476732879877090454e-02 3.021824657917022705e-01 -6.475882530212402344e-01 1.813274342566728592e-03 4.464731737971305847e-02
1.096287846565246582e+00 1.107486963272094727e+00 2.384368479251861572e-01 1.230166316032409668e+00 2.132022231817245483e-01 1.050183326005935669e-01 1.108280301094055176e+00 2.050791978836059570e-01 9.682395309209823608e-02 7.489944696426391602e-01 2.530352771282196045e-01 9.042398631572723389e-02 5.470403656363487244e-02
-9.795195460319519043e-01 6.707239747047424316e-01 -5.724587440490722656e-01 1.395104825496673584e-01 -7.195581495761871338e-02 -2.806415557861328125e-01 -4.201818108558654785e-01 3.907221853733062744e-01 -1.808865517377853394e-01 -4.843726456165313721e-01 3.795530796051025391e-01 4.784624278545379639e-02 -1.382247656583786011e-01
-1.586441636085510254e+00 -1.007757663726806641e+00 -4.104462265968322754e-01 -2.171128541231155396e-01 -4.319920241832733154e-01 -1.823733747005462646e-01 2.436985075473785400e-01 -4.212568402290344238e-01 -1.767430305480957031e-01 4.027241468429565430e-01 -2.960765957832336426e-01 -2.049124836921691895e-01 -9.773885458707809448e-02
1.252526283264160156e+00 1.372665047645568848e+00 2.275553941726684570e-01 6.181383728981018066e-01 3.220911026000976562e-01 9.759998321533203125e-02 -1.919399201869964600e-01 5.223470330238342285e-01 9.492466598749160767e-02 -5.569127798080444336e-01 5.425068736076354980e-01 1.654398739337921143e-01 4.921953380107879639e-02
-1.043686032295227051e+00 -9.753260016441345215e-01 -2.295838594436645508e-01 -1.069908857345581055e+00 -2.261447459459304810e-01 -9.926686435937881470e-02 -1.079232215881347656e+00 -1.842515319585800171e-01 -1.011700779199600220e-01 -8.396905660629272461e-01 -1.757838279008865356e-01 -1.005367711186408997e-01 -5.602972581982612610e-02
-2.059129178524017334e-01 -5.455073118209838867e-01 5.229689925909042358e-02 3.491221070289611816e-01 -1.139044091105461121e-01 3.198748826980590820e-02 1.164308190345764160e+00 -3.985064029693603516e-01 1.182430516928434372e-02 1.255147576332092285e+00 -4.049205780029296875e-01 -7.584147155284881592e-02 1.534704770892858505e-02
5.754687786102294922e-01 8.415231108665466309e-02 1.644964665174484253e-01 -8.162981867790222168e-01 2.255521565675735474e-01 6.855832040309906006e-02 -1.230868220329284668e+00 2.590399384498596191e-01 8.129518479108810425e-02 -1.097695589065551758e+00 1.161153763532638550e-01 1.132975965738296509e-01 4.336221143603324890e-02
-8.947222828865051270e-01 4.498669505119323730e-01 -3.364046216011047363e-01 1.193166732788085938e+00 -3.817340135574340820e-01 -1.388058364391326904e-01 8.777369856834411621e-01 -5.142787098884582520e-02 -1.868583261966705322e-01 4.343128204345703125e-01 3.356078267097473145e-01 -1.832534223794937134e-01 -9.894941002130508423e-02
1.591148018836975098e+00 -1.003572642803192139e-01 6.499676108360290527e-01 -3.984508514404296875e-01 3.544786274433135986e-01 3.055883049964904785e-01 -1.638511568307876587e-01 -1.896870695054531097e-02 2.466294169425964355e-01 -3.071824461221694946e-02 -1.941426545381546021e-01 1.188631802797317505e-01 1.588058173656463623e-01
-1.134538173675537109e+00 -6.542512774467468262e-01 -1.675527989864349365e-01 7.019320726394653320e-01 -5.822947621345520020e-01 -4.191301017999649048e-02 8.329067230224609375e-01 -5.292758941650390625e-01 -1.905753165483474731e-01 5.515560507774353027e-01 -6.229384243488311768e-02 -2.965815365314483643e-01 -6.058901548385620117e-02
1.586746454238891602e+00 7.892603278160095215e-01 4.863901436328887939e-01 2.600272744894027710e-02 3.656934201717376709e-01 2.275228649377822876e-01 -7.101700305938720703e-01 3.436073958873748779e-01 1.757050156593322754e-01 -1.063025593757629395e+00 3.028053343296051025e-01 1.510777026414871216e-01 1.181456968188285828e-01
-8.056002259254455566e-01 -1.213700175285339355e+00 -1.266918182373046875e-01 -5.943347215652465820e-01 -1.161616593599319458e-01 -5.793744325637817383e-02 7.054064273834228516e-01 -4.546525776386260986e-01 -3.032430820167064667e-02 1.338435530662536621e+00 -6.821254491806030273e-01 -1.833233609795570374e-02 -3.323466330766677856e-02
1.158101797103881836e+00 -6.265182495117187500e-01 7.856320738792419434e-01 -1.052771732211112976e-01 7.916959002614021301e-04 4.453231692314147949e-01 8.839072287082672119e-02 -4.274688959121704102e-01 1.306515634059906006e-01 4.773171246051788330e-02 -1.603880524635314941e-01 -4.399297386407852173e-02 1.335622966289520264e-01
-1.499329924583435059e+00 5.225768089294433594e-01 -9.101362228393554688e-01 2.655346989631652832e-01 -3.419841825962066650e-02 -5.200611352920532227e-01 9.904659539461135864e-02 2.900371253490447998e-01 -8.013094961643218994e-02 1.135698631405830383e-01 1.787219047546386719e-01 -1.892993971705436707e-02 -8.796667307615280151e-02
-1.151142120361328125e+00 3.909992575645446777e-01 -2.608172893524169922e-01 1.184273719787597656e+00 -7.052064538002014160e-01 -4.769098386168479919e-02 2.880010604858398438e-01 -8.033814281225204468e-02 -2.987623214721679688e-01 -3.677262738347053528e-02 8.526849150657653809e-01 -3.814682066440582275e-01 -1.452384442090988159e-01
1.125492811203002930e+00 -2.601642608642578125e-01 3.106361031532287598e-01 -1.245742082595825195e+00 5.751181244850158691e-01 1.178980320692062378e-01 -4.799994528293609619e-01 2.426022738218307495e-01 1.835709959268569946e-01 -4.841040447354316711e-02 -6.947895884513854980e-01 3.405480682849884033e-01 7.505237311124801636e-02
1.903932988643646240e-01 1.217427253723144531e+00 -2.562063336372375488e-01 3.041092455387115479e-01 2.464989572763442993e-01 -1.586056947708129883e-01 -5.377954244613647461e-01 5.845681428909301758e-01 1.471902616322040558e-02 -8.347328901290893555e-01 4.906904399394989014e-01 1.255234479904174805e-01 -3.106096014380455017e-02
-7.720496058464050293e-01 -1.086990237236022949e+00 -2.411888539791107178e-01 -1.070321679115295410e+00 -2.023021504282951355e-02 -1.624608039855957031e-01 -5.689648985862731934e-01 -3.267388343811035156e-01 1.949096284806728363e-02 8.006654679775238037e-02 -3.317679464817047119e-01 -1.026873197406530380e-02 2.657308708876371384e-03
8.432338237762451172e-01 9.899303913116455078e-01 2.335821688175201416e-01 1.011162042617797852e+00 1.017332822084426880e-01 1.186866387724876404e-01 5.511075258255004883e-01 2.266600131988525391e-01 7.197508215904235840e-02 2.306836191564798355e-03 3.462846279144287109e-01 2.063142135739326477e-02 6.163599714636802673e-02
-1.556232094764709473e+00 1.780914664268493652e-01 -1.019755959510803223e+00 7.856110483407974243e-02 9.547669440507888794e-02 -5.865476131439208984e-01 5.226195231080055237e-02 4.959011822938919067e-02 -4.581062123179435730e-03 3.959642350673675537e-02 2.801615744829177856e-02 5.978559330105781555e-02 -7.724597305059432983e-02
1.623316645622253418e+00 -1.451602131128311157e-01 1.010631799697875977e+00 -7.785325497388839722e-02 -4.332319274544715881e-02 5.632410645484924316e-01 -5.247379839420318604e-02 -4.596579074859619141e-02 4.824991524219512939e-02 -4.106836766004562378e-02 -2.862079627811908722e-02 -5.457793921232223511e-02 9.981115907430648804e-02
7.014977335929870605e-01 -1.215938329696655273e+00 6.240635514259338379e-01 -1.291737854480743408e-01 -3.961422741413116455e-01 2.441120892763137817e-01 7.331709563732147217e-02 -5.777226686477661133e-01 3.509421050548553467e-01 8.845511078834533691e-02 -1.235010698437690735e-01 -5.983726382255554199e-01 3.401971459388732910e-01
-4.423190355300903320e-01 -6.191642284393310547e-01 -1.452014148235321045e-01 -7.098032832145690918e-01 -1.619952172040939331e-02 -8.758236467838287354e-02 -5.249291062355041504e-01 -1.296301484107971191e-01 5.305336788296699524e-03 -3.078512847423553467e-01 -2.126718014478683472e-01 -1.213704980909824371e-02 -1.018737535923719406e-02
-7.084254920482635498e-02 4.929745495319366455e-01 -7.747435569763183594e-01 -4.388735443353652954e-02 1.001996159553527832e+00 -6.812992095947265625e-01 -7.743113208562135696e-03 -2.010392397642135620e-02 8.371086120605468750e-01 -2.612938638776540756e-03 -3.166734427213668823e-02 1.421885341405868530e-01 3.748297989368438721e-01
-1.130850791931152344e+00 -4.350567758083343506e-01 -2.156774401664733887e-01 1.694219261407852173e-01 -5.394576787948608398e-01 4.658697289414703846e-04 2.516431212425231934e-01 -1.547217071056365967e-01 -3.497346639633178711e-01 2.159090340137481689e-01 -2.142546325922012329e-02 -1.739615499973297119e-01 -2.081470936536788940e-01
1.108158230781555176e+00 4.850899279117584229e-01 2.148120552301406860e-01 -1.672987341880798340e-01 5.301117897033691406e-01 1.907816901803016663e-02 -2.744663059711456299e-01 1.873264163732528687e-01 3.007496893405914307e-01 -2.426196336746215820e-01 3.407246991991996765e-02 2.007237821817398071e-01 1.646030396223068237e-01
-6.782228946685791016e-01 1.241075873374938965e+00 -6.257100701332092285e-01 1.202124059200286865e-01 4.390106499195098877e-01 -2.405217736959457397e-01 -7.510025054216384888e-02 5.794536471366882324e-01 -3.424761593341827393e-01 -8.575870096683502197e-02 1.184509694576263428e-01 6.184262633323669434e-01 -3.527297079563140869e-01
4.046053886413574219e-01 5.718151330947875977e-01 1.335983276367187500e-01 7.187368273735046387e-01 -1.670516841113567352e-02 7.615710794925689697e-02 5.479339957237243652e-01 1.090460419654846191e-01 -9.119691327214241028e-03 3.300037682056427002e-01 2.068322747945785522e-01 -1.054262835532426834e-02 1.398698240518569946e-02
1.119683831930160522e-01 -5.042676925659179688e-01 7.847427725791931152e-01 3.807566314935684204e-02 -1.004385232925415039e+00 6.700772047042846680e-01 -5.299415905028581619e-03 1.873813569545745850e-02 -8.053225278854370117e-01 -1.040320098400115967e-02 3.578434512019157410e-02 -1.570838987827301025e-01 -3.329893350601196289e-01
4.563912153244018555e-01 2.637589573860168457e-01 9.229978919029235840e-02 -6.668214797973632812e-01 2.116300165653228760e-01 3.946515172719955444e-02 -1.114048838615417480e+00 3.321578502655029297e-01 4.313402250409126282e-02 -1.032506227493286133e+00 1.705701947212219238e-01 1.269508600234985352e-01 1.438091043382883072e-02
9.452421069145202637e-01 9.289070963859558105e-01 1.972493827342987061e-01 1.061256885528564453e+00 2.046519517898559570e-01 8.285702764987945557e-02 1.116240859031677246e+00 1.624215543270111084e-01 9.208848327398300171e-02 1.010617733001708984e+00 1.653671264648437500e-01 8.403033763170242310e-02 4.963529482483863831e-02
-1.353536486625671387e+00 -1.095601558685302734e+00 -3.366531133651733398e-01 -3.192631006240844727e-01 -3.528292179107666016e-01 -1.591489911079406738e-01 2.325857728719711304e-01 -4.611252546310424805e-01 -1.202738657593727112e-01 3.834419250488281250e-01 -3.832265734672546387e-01 -1.759119182825088501e-01 -6.502263993024826050e-02
-1.032163500785827637e+00 -9.968003630638122559e-01 -2.276001423597335815e-01 -1.059687376022338867e+00 -2.239391803741455078e-01 -9.963039308786392212e-02 -1.029167532920837402e+00 -1.950672119855880737e-01 -9.893991798162460327e-02 -8.609822988510131836e-01 -2.064624875783920288e-01 -9.520231932401657104e-02 -5.459142476320266724e-02
1.668077826499938965e+00 2.384316325187683105e-01 6.405081748962402344e-01 -1.776894181966781616e-01 3.951371908187866211e-01 3.083533346652984619e-01 -1.203625202178955078e-01 9.430181980133056641e-02 2.361063957214355469e-01 -6.068683788180351257e-02 -5.835524573922157288e-02 1.530434787273406982e-01 1.469324231147766113e-01
5.200036764144897461e-01 -1.065847873687744141e+00 3.590193688869476318e-01 -1.047161579132080078e+00 1.771772950887680054e-01 1.551839262247085571e-01 -4.454819560050964355e-01 -3.482898175716400146e-01 1.919136196374893188e-01 -1.045254766941070557e-01 -5.169688463211059570e-01 3.043502010405063629e-02 1.183165684342384338e-01
-9.779879450798034668e-01 3.034165501594543457e-01 -4.078063368797302246e-01 9.292432069778442383e-01 -3.039481341838836670e-01 -1.862263679504394531e-01 8.728667497634887695e-01 -4.603276774287223816e-02 -1.751031726598739624e-01 6.223360896110534668e-01 1.676003485918045044e-01 -1.253516525030136108e-01 -1.034327149391174316e-01
-1.255061984062194824e+00 5.334708690643310547e-01 -7.792048454284667969e-01 3.279490396380424500e-02 4.430265724658966064e-02 -4.156006872653961182e-01 -2.645016908645629883e-01 3.161401152610778809e-01 -1.461761295795440674e-01 -2.894477844238281250e-01 1.900511384010314941e-01 1.209093555808067322e-01 -1.479530632495880127e-01
8.178889155387878418e-01 1.326214075088500977e+00 8.205315470695495605e-02 7.037172317504882812e-01 2.187758535146713257e-01 3.875831514596939087e-02 5.294998176395893097e-03 5.080430507659912109e-01 1.744148880243301392e-02 -2.919639348983764648e-01 5.151473879814147949e-01 1.362775564193725586e-01 -1.329474034719169140e-03
4.393564164638519287e-01 -7.668092846870422363e-01 5.867145061492919922e-01 2.985189259052276611e-01 -4.146129786968231201e-01 3.494118154048919678e-01 5.483385324478149414e-01 -4.772167205810546875e-01 -1.195802539587020874e-02 4.362898766994476318e-01 -1.246862411499023438e-01 -3.010888695716857910e-01 7.933256775140762329e-02
1.651547789573669434e+00 2.157892286777496338e-02 1.003573060035705566e+00 -1.271683908998966217e-02 2.211175486445426941e-02 5.972293615341186523e-01 -1.924797147512435913e-02 1.316484343260526657e-02 4.468793049454689026e-02 -1.830390468239784241e-02 2.026728354394435883e-03 -2.241922309622168541e-03 7.177638262510299683e-02
-1.688109874725341797e+00 3.460611775517463684e-02 -1.009791016578674316e+00 4.203714802861213684e-02 -9.774517267942428589e-03 -5.843693017959594727e-01 3.579759597778320312e-02 6.473310291767120361e-03 -6.072156131267547607e-02 2.865440212190151215e-02 1.042812690138816833e-02 1.863086037337779999e-02 -9.737236052751541138e-02
-1.097375392913818359e+00 1.171809196472167969e+00 -6.252516508102416992e-01 4.441273212432861328e-01 -1.158246994018554688e-01 -2.443590164184570312e-01 4.119635000824928284e-02 7.039814591407775879e-01 -3.597353100776672363e-01 -1.632976159453392029e-02 3.317714333534240723e-01 1.356805711984634399e-01 -2.563200891017913818e-01
-1.087195634841918945e+00 -9.142993390560150146e-02 -2.278797701001167297e-02 3.549073338508605957e-01 -8.632138967514038086e-01 1.964282095432281494e-01 1.164155527949333191e-01 1.387392878532409668e-01 -6.136484742164611816e-01 4.568523913621902466e-02 2.306274473667144775e-01 -2.594541907310485840e-01 -3.300939798355102539e-01
4.702934324741363525e-01 9.325607419013977051e-01 1.584512889385223389e-01 1.172015666961669922e-01 1.850350946187973022e-01 1.759343296289443970e-01 -9.572998434305191040e-02 5.379140973091125488e-01 -1.693156510591506958e-01 -8.777107298374176025e-02 1.494398862123489380e-01 2.539447546005249023e-01 -1.499336659908294678e-01
-4.236622154712677002e-01 -8.750311136245727539e-01 -1.591692566871643066e-01 -6.238577142357826233e-02 -1.401678621768951416e-01 -1.888236850500106812e-01 1.139547601342201233e-01 -5.458493828773498535e-01 2.138439565896987915e-01 8.878555893898010254e-02 -1.163854971528053284e-01 -2.535089850425720215e-01 1.777550131082534790e-01
1.069323778152465820e+00 3.929258137941360474e-02 8.134996518492698669e-03 -3.968007564544677734e-01 8.066012859344482422e-01 -2.138279676437377930e-01 -1.461026668548583984e-01 -1.277978122234344482e-01 5.918624401092529297e-01 -5.593464896082878113e-02 -2.408710420131683350e-01 2.381158769130706787e-01 3.399645090103149414e-01
1.258443593978881836e+00 -1.210121989250183105e+00 7.932476997375488281e-01 -4.659359157085418701e-01 6.376487016677856445e-02 3.620045483112335205e-01 -5.418313294649124146e-02 -6.978388428688049316e-01 3.215576112270355225e-01 4.365684930235147476e-03 -3.448505699634552002e-01 -1.437582224607467651e-01 2.512704133987426758e-01
4.404883682727813721e-01 -6.119283437728881836e-01 8.964577913284301758e-01 3.011523187160491943e-02 -7.794579863548278809e-01 6.959146857261657715e-01 2.340911701321601868e-02 -1.248521059751510620e-01 -4.609139859676361084e-01 1.400311291217803955e-02 2.270353585481643677e-02 -2.684499025344848633e-01 -1.913667172193527222e-01
-4.938489198684692383e-01 5.914583206176757812e-01 -9.479249715805053711e-01 -1.732097752392292023e-02 7.749661803245544434e-01 -7.388077378273010254e-01 -1.174265239387750626e-02 1.077135801315307617e-01 4.763584434986114502e-01 -5.806234665215015411e-03 -1.887322589755058289e-02 2.521211802959442139e-01 2.018035203218460083e-01
-1.508915543556213379e+00 -1.109707474708557129e+00 -3.817383050918579102e-01 -3.214441239833831787e-01 -4.233337640762329102e-01 -1.715659499168395996e-01 1.854177564382553101e-01 -4.463760554790496826e-01 -1.699327528476715088e-01 3.465023338794708252e-01 -3.541464507579803467e-01 -1.984263956546783447e-01 -9.231096506118774414e-02
1.397100687026977539e+00 -1.310229599475860596e-01 6.199233531951904297e-01 -4.728790819644927979e-01 3.124946653842926025e-01 3.075779080390930176e-01 -3.029441833496093750e-01 -3.998680040240287781e-03 2.144099622964859009e-01 -1.431528031826019287e-01 -1.658809334039688110e-01 1.058737114071846008e-01 1.399205625057220459e-01
4.674478471279144287e-01 -1.081416726112365723e+00 5.498192310333251953e-01 -2.458011060953140259e-01 -2.138751447200775146e-01 3.011545240879058838e-01 2.037243396043777466e-01 -5.473591089248657227e-01 8.337350189685821533e-02 2.402251511812210083e-01 -3.367023468017578125e-01 -2.047923356294631958e-01 1.044020354747772217e-01
-6.033698320388793945e-01 -9.087108373641967773e-01 -1.198279336094856262e-01 -1.134896159172058105e+00 -5.924421176314353943e-02 -6.210376322269439697e-02 -9.523655176162719727e-01 -1.498426198959350586e-01 -2.261547371745109558e-02 -6.409301757812500000e-01 -2.798798680305480957e-01 -1.739536598324775696e-02 -1.572285778820514679e-02
-1.350620388984680176e+00 3.849585652351379395e-01 -6.325759887695312500e-01 5.289729833602905273e-01 -2.513191103935241699e-01 -3.087636232376098633e-01 1.952439695596694946e-01 1.204656809568405151e-01 -1.941213607788085938e-01 1.601563580334186554e-02 2.841065526008605957e-01 -7.799219340085983276e-02 -1.291293203830718994e-01
1.692523658275604248e-01 3.560955524444580078e-01 -4.004195630550384521e-01 -5.981339812278747559e-01 7.153068184852600098e-01 -3.086739182472229004e-01 -1.959609389305114746e-01 2.581337094306945801e-01 2.035030126571655273e-01 7.730337232351303101e-02 -3.300603032112121582e-01 4.244529604911804199e-01 1.280973758548498154e-02
-3.415884375572204590e-01 -1.301510035991668701e-01 -6.759207695722579956e-02 6.707952022552490234e-01 -1.834698468446731567e-01 -2.272990159690380096e-02 1.034580230712890625e+00 -2.531186342239379883e-01 -5.692632123827934265e-02 8.847481012344360352e-01 -1.319051831960678101e-01 -9.777508676052093506e-02 -2.889830246567726135e-02
8.956852555274963379e-01 8.624274134635925293e-01 2.013919949531555176e-01 1.001708388328552246e+00 1.883822232484817505e-01 8.846382796764373779e-02 9.828486442565917969e-01 1.401219516992568970e-01 8.504537492990493774e-02 7.252399325370788574e-01 1.593940854072570801e-01 8.154309540987014771e-02 4.656739532947540283e-02
3.023779988288879395e-01 4.445558786392211914e-01 5.359289050102233887e-02 -4.491015374660491943e-01 5.893843621015548706e-02 3.772127628326416016e-02 -1.128553032875061035e+00 4.090031385421752930e-01 -3.719023242592811584e-02 -1.076445698738098145e+00 3.621342480182647705e-01 5.547897890210151672e-02 -1.465743221342563629e-02
7.217289805412292480e-01 1.077680706977844238e+00 1.643192917108535767e-01 6.549851298332214355e-01 4.486356303095817566e-02 9.793932735919952393e-02 -1.080029085278511047e-01 4.089586734771728516e-01 -1.864533126354217529e-02 -4.019348919391632080e-01 5.564739108085632324e-01 2.528977766633033752e-02 4.247482400387525558e-03
8.314619660377502441e-01 -7.331343740224838257e-02 8.914284706115722656e-01 4.077177047729492188e-01 -5.693984031677246094e-01 6.305411458015441895e-01 1.782776713371276855e-01 2.786249155178666115e-03 -2.788516283035278320e-01 3.540468215942382812e-02 2.115715146064758301e-01 -2.459069639444351196e-01 -7.084467262029647827e-02
-8.591991066932678223e-01 4.628799557685852051e-01 -1.497046500444412231e-01 8.351000547409057617e-01 -6.112623214721679688e-01 4.426521062850952148e-02 3.675012886524200439e-01 2.014947235584259033e-01 -4.077468216419219971e-01 1.110496520996093750e-01 4.276977777481079102e-01 -2.109055072069168091e-01 -2.013619095087051392e-01
-1.694362640380859375e+00 -2.134345024824142456e-01 -8.519814610481262207e-01 6.956410408020019531e-02 -1.726485341787338257e-01 -4.768355488777160645e-01 1.565533280372619629e-01 -1.072141677141189575e-01 -1.150462105870246887e-01 1.502408236265182495e-01 -4.620952904224395752e-02 -5.993290245532989502e-02 -9.761948138475418091e-02
6.118741035461425781e-01 1.221981406211853027e+00 -3.825747594237327576e-02 2.350209653377532959e-01 3.994850516319274902e-01 -2.544876746833324432e-02 -2.078946977853775024e-01 5.763610005378723145e-01 2.874903380870819092e-02 -2.673336863517761230e-01 3.206200897693634033e-01 2.748640179634094238e-01 -3.256689757108688354e-02
-5.816671848297119141e-01 -1.121737122535705566e+00 1.245196312665939331e-01 4.291208833456039429e-02 -5.363970398902893066e-01 9.342831373214721680e-02 3.663654029369354248e-01 -5.730624794960021973e-01 -8.100793510675430298e-02 3.209363520145416260e-01 -2.105856686830520630e-01 -3.460578024387359619e-01 2.540467865765094757e-02
1.099749922752380371e+00 -1.053314566612243652e+00 8.023874163627624512e-01 -4.521916806697845459e-01 -8.414962887763977051e-02 4.158421158790588379e-01 -4.389292746782302856e-02 -4.962706565856933594e-01 1.844169497489929199e-01 5.982768908143043518e-02 -3.315156698226928711e-01 -1.708533167839050293e-01 1.768698990345001221e-01
-1.080826640129089355e+00 9.417991042137145996e-01 -9.540917873382568359e-01 1.702097356319427490e-01 3.502414226531982422e-01 -5.593664050102233887e-01 -6.005625054240226746e-02 4.356456696987152100e-01 -2.911467850208282471e-02 -7.293810695409774780e-02 1.744906157255172729e-01 2.724419236183166504e-01 -1.171065121889114380e-01
-1.455298960208892822e-01 -2.715658247470855713e-01 -5.058568343520164490e-02 -9.384570717811584473e-01 7.846339792013168335e-02 1.232167799025774002e-02 -7.432551980018615723e-01 1.873250156641006470e-01 -1.242542043328285217e-01 -3.609707653522491455e-01 -2.195705771446228027e-01 1.571566313505172729e-01 -1.052645072340965271e-01
1.714831829071044922e+00 1.707207709550857544e-01 6.967186331748962402e-01 -3.302656114101409912e-01 4.215382933616638184e-01 3.372848927974700928e-01 -2.968871891498565674e-01 9.020458161830902100e-02 2.526589930057525635e-01 -2.082234621047973633e-01 -7.171485573053359985e-02 1.613321155309677124e-01 1.519870907068252563e-01
1.364239007234573364e-01 -1.619000136852264404e-01 -4.574741721153259277e-01 -2.220457196235656738e-01 7.709515094757080078e-01 -4.684790074825286865e-01 1.668755412101745605e-01 -3.249808549880981445e-01 5.872704386711120605e-01 1.804330646991729736e-01 -3.206129968166351318e-01 1.945324838161468506e-01 2.735432088375091553e-01
1.337872743606567383e+00 -4.281004667282104492e-01 5.919694900512695312e-01 -7.787685394287109375e-01 3.684192597866058350e-01 2.772248387336730957e-01 -3.794833421707153320e-01 -9.234958142042160034e-02 2.408345043659210205e-01 -1.056295409798622131e-01 -3.477743864059448242e-01 1.413000673055648804e-01 1.441240906715393066e-01
-6.149145364761352539e-01 1.101209163665771484e+00 -5.123617649078369141e-01 5.756263136863708496e-01 2.672393247485160828e-02 -2.567479014396667480e-01 -1.746316999197006226e-02 4.834897816181182861e-01 -1.499336808919906616e-01 -2.215822339057922363e-01 4.581879079341888428e-01 1.006295308470726013e-01 -1.258934438228607178e-01
-5.942184329032897949e-01 -1.088305473327636719e+00 -1.041806191205978394e-01 -4.839079380035400391e-01 -3.018216043710708618e-02 -6.788220256567001343e-02 4.978589117527008057e-01 -4.663769602775573730e-01 3.715244680643081665e-02 8.235808014869689941e-01 -6.437088251113891602e-01 -2.114921063184738159e-02 1.005851197987794876e-02
1.176241636276245117e+00 1.142055034637451172e+00 2.657703459262847900e-01 1.172406435012817383e+00 2.368905544281005859e-01 1.186808943748474121e-01 1.023465156555175781e+00 2.392245680093765259e-01 1.054434403777122498e-01 7.290033698081970215e-01 2.759812176227569580e-01 9.867706149816513062e-02 6.005431339144706726e-02
-8.752084374427795410e-01 -1.138152956962585449e+00 -1.560957878828048706e-01 -1.107630133628845215e+00 -1.709019541740417480e-01 -7.193621993064880371e-02 -8.345499634742736816e-01 -2.737615704536437988e-01 -5.066777020692825317e-02 -5.180698633193969727e-01 -3.344655334949493408e-01 -8.395296335220336914e-02 -2.625634893774986267e-02
-1.344051808118820190e-01 -7.129640877246856689e-02 -7.687395066022872925e-02 -7.740690708160400391e-01 5.994132906198501587e-02 -4.067718237638473511e-02 -1.206155180931091309e+00 1.885956972837448120e-01 -1.499293278902769089e-02 -1.108771681785583496e+00 1.241084784269332886e-01 5.217161029577255249e-02 -1.734934002161026001e-02
-1.667771697044372559e+00 -2.987034916877746582e-01 -6.755586266517639160e-01 -4.255914688110351562e-02 -3.082146048545837402e-01 -3.379324078559875488e-01 -4.018925502896308899e-02 -7.675847411155700684e-02 -1.997170001268386841e-01 -1.276497822254896164e-02 -2.332682721316814423e-03 -1.076752170920372009e-01 -1.329075247049331665e-01
1.400177597999572754e+00 1.079948544502258301e+00 3.312988877296447754e-01 1.836954653263092041e-01 3.971329629421234131e-01 1.480446457862854004e-01 -4.171243309974670410e-01 4.833952188491821289e-01 1.387275606393814087e-01 -5.852699279785156250e-01 3.778073191642761230e-01 1.983587145805358887e-01 7.151299715042114258e-02
-7.154452204704284668e-01 -8.924476802349090576e-03 -2.149088829755783081e-01 9.348405003547668457e-01 -2.968622148036956787e-01 -9.009662270545959473e-02 1.140031099319458008e+00 -2.518148720264434814e-01 -1.101237758994102478e-01 8.909587264060974121e-01 4.855401813983917236e-03 -1.545363515615463257e-01 -5.564404651522636414e-02
4.027057886123657227e-01 -7.583909630775451660e-01 6.827782392501831055e-01 2.862167060375213623e-01 -5.767822861671447754e-01 4.313699901103973389e-01 2.163234949111938477e-01 -4.387491941452026367e-01 -7.956919819116592407e-02 2.230783924460411072e-02 6.186069920659065247e-02 -3.884808719158172607e-01 5.851528793573379517e-02
3.205125331878662109e-01 3.694123327732086182e-01 1.820052042603492737e-02 7.613797783851623535e-01 -5.830857530236244202e-02 -1.086043193936347961e-01 3.182052671909332275e-01 -5.653337389230728149e-02 2.720340788364410400e-01 2.285302244126796722e-02 3.935948908329010010e-01 -2.570697069168090820e-01 2.463348209857940674e-01
-8.912118673324584961e-01 9.383882880210876465e-01 -5.402795076370239258e-01 2.873958945274353027e-01 1.042492873966693878e-02 -2.054871320724487305e-01 -5.686891824007034302e-02 5.146652460098266602e-01 -3.032870590686798096e-01 -9.800396859645843506e-02 2.724752128124237061e-01 2.016934901475906372e-01 -2.525445818901062012e-01
1.018858551979064941e+00 -8.977122902870178223e-01 1.022718310356140137e+00 -1.122453287243843079e-01 -4.466311931610107422e-01 6.344314217567443848e-01 8.602503687143325806e-02 -3.904186785221099854e-01 -6.640335172414779663e-02 9.046882390975952148e-02 -1.426342278718948364e-01 -2.823720872402191162e-01 5.843343213200569153e-02
-1.843043327331542969e+00 7.985523343086242676e-02 -9.407643675804138184e-01 2.850822806358337402e-01 -2.002241313457489014e-01 -5.072969794273376465e-01 2.030069828033447266e-01 1.091294083744287491e-02 -1.600225418806076050e-01 1.255957931280136108e-01 9.435935318470001221e-02 -5.803629755973815918e-02 -1.245119199156761169e-01
6.973658204078674316e-01 8.246480822563171387e-01 -1.585065424442291260e-01 -2.788060605525970459e-01 7.063808441162109375e-01 -1.646946072578430176e-01 -3.289509117603302002e-01 4.046626985073089600e-01 1.838488131761550903e-01 -2.124866396188735962e-01 -1.039276737719774246e-02 4.143215119838714600e-01 1.122733345255255699e-03
-7.008740901947021484e-01 1.188304126262664795e-01 -9.563801884651184082e-01 -2.923684120178222656e-01 6.145835518836975098e-01 -7.300792336463928223e-01 -9.718816727399826050e-02 -3.280144557356834412e-02 3.844729065895080566e-01 -8.314777165651321411e-03 -1.781189292669296265e-01 2.073982656002044678e-01 1.583901345729827881e-01
3.689600229263305664e-01 3.806298971176147461e-01 6.334782242774963379e-01 4.892849177122116089e-02 -4.593288004398345947e-01 6.119970679283142090e-01 -2.149645239114761353e-01 4.237090647220611572e-01 -5.666715502738952637e-01 -1.756049841642379761e-01 2.001102566719055176e-01 3.716725856065750122e-02 -3.317603170871734619e-01
-8.014671206474304199e-01 -7.906547188758850098e-01 1.019179821014404297e-03 1.205333918333053589e-01 -6.336170434951782227e-01 7.717668265104293823e-02 2.631818652153015137e-01 -3.413006663322448730e-01 -2.731817066669464111e-01 2.082051336765289307e-01 -7.687193900346755981e-02 -2.975696921348571777e-01 -1.118824034929275513e-01
1.666340112686157227e+00 1.222416460514068604e-01 8.494816422462463379e-01 -9.006137400865554810e-02 1.925724297761917114e-01 4.709844291210174561e-01 -1.037169918417930603e-01 4.543605819344520569e-02 1.382097303867340088e-01 -8.790008723735809326e-02 -7.744217291474342346e-03 6.152937933802604675e-02 1.046722233295440674e-01
6.838844418525695801e-01 -6.970051527023315430e-01 1.092711091041564941e-01 -5.925589203834533691e-01 4.754392504692077637e-01 -1.016386747360229492e-01 -1.233648732304573059e-01 -4.087255597114562988e-01 5.052427053451538086e-01 2.427363954484462738e-02 -4.031156599521636963e-01 3.998817503452301025e-02 3.136652708053588867e-01
